#Parameters = {R=50}
#"Wavelength / nm"	"Total RCS [pw] (R=50) [Magnitude]"
#-----------------------------------------------------
788.92752105263	487.10572027040
782.74793211488	499.66374217067
776.66439896373	512.50402707921
770.67469922879	525.64435100053
764.77667857143	539.15793269983
758.96824810127	552.99998523526
753.24738190955	567.17327921382
747.61211471322	581.73126949707
742.06053960396	596.69479687981
736.59080589681	612.02164457263
731.20111707317	627.73003783320
725.88972881356	643.89813104800
720.65494711538	660.48985361548
715.49512649165	677.49288236305
710.40866824645	694.92595852008
705.39401882353	712.96651912133
700.44966822430	731.49508745668
695.57414849188	750.39148344417
690.76603225806	769.73428049554
686.02393135011	789.79074824085
681.34649545455	810.41001332880
676.73241083521	831.65474784820
672.18039910314	853.47812356740
667.68921603563	875.90332315119
663.25765044248	898.92441740799
658.88452307692	922.62228253603
654.56868558952	947.02795576190
650.30901952278	972.13182789270
646.10443534483	998.03458791887
641.95387152034	1024.7118961729
637.85629361702	1052.2118049497
633.81069344609	1080.5521336387
629.81608823529	1109.7511757905
625.87151983299	1139.9153529950
621.97605394191	1171.0189959214
618.12877938144	1203.1190190107
614.32880737705	1236.2833576825
610.57527087576	1270.5248721597
606.86732388664	1306.0515464765
603.20414084507	1342.8254464345
599.58491600000	1380.8579685057
596.00886282306	1420.2506520016
592.47521343874	1461.0531437467
588.98321807466	1503.4405239939
585.53214453125	1547.5254134253
582.12127766990	1593.2936710186
578.74991891892	1640.9528946120
575.41738579655	1690.6435326249
572.12301145038	1742.3597733163
568.86614421252	1796.4408001650
565.64614716981	1853.2162688137
562.46239774859	1912.5810642613
559.31428731343	1974.7753435317
556.20122077922	2040.2374521701
553.12261623616	2108.9954890486
550.07790458716	2181.3408219588
547.06652919708	2258.3182985455
544.08794555354	2339.7506888056
541.14162093863	2426.0742920196
538.22703411131	2518.5808558909
535.34367500000	2617.7967106563
532.49104440497	2724.0207600480
529.66865371025	2838.2550175483
526.87602460457	2962.4184807109
524.11268881119	3097.6294688265
521.37818782609	3244.5627080850
518.67207266436	3407.5882338184
515.99390361446	3589.8664758043
513.34325000000	3793.0251877464
510.71968994889	4020.4105498355
508.12281016949	4280.8867769982
505.55220573356	4579.9045121449
503.00747986577	4924.8970183577
500.48824373957	5327.0794634931
497.99411627907	5804.5850362763
495.52472396694	6376.0438379677
493.07970065789	7067.8849196453
490.65868739771	7916.9492014276
488.26133224756	9030.7528488763
485.88729011345	10484.922363451
483.53622258065	12386.630772888
481.20779775281	14909.048234187
478.90169009585	18353.213648635
476.61758028617	23064.279347199
474.35515506329	29192.779969527
472.11410708661	36475.683808265
469.89413479624	43541.152269340
467.69494227769	47725.898256114
465.51623913043	46719.729953239
463.35774034003	41713.440669356
461.21916615385	35458.260719250
459.10024196018	29568.405273093
457.00069817073	24734.708711402
454.92027010622	21176.327985611
452.85869788520	18589.820214212
450.81572631579	16707.963615267
448.79110479042	15265.268056124
446.78458718331	14190.185715039
444.79593175074	13424.089734746
442.82490103397	12886.433825778
440.87126176471	12522.613395194
438.93478477306	12276.886738247
437.01524489796	12137.478515549
435.11242089985	12100.114449469
433.22609537572	12148.752029854
431.35605467626	12272.516681534
429.50208882521	12462.957497681
427.66399144080	12721.091606198
425.84155965909	13051.269160620
424.03459405941	13450.557531933
422.24289859155	13917.388816033
420.46628050491	14449.752853057
418.70455027933	15062.867504060
416.95752155772	15737.605346640
415.22501108033	16440.787488041
413.50683862069	17122.360678849
411.80282692308	17697.323228577
410.11280164159	18035.672851970
408.43659128065	17778.412182525
406.77402713704	16650.750981739
405.12494324324	14617.098691454
403.48917631225	12010.010657094
401.86656568365	9393.3614171649
400.25695327103	7221.4818037251
398.66018351064	5369.4436157183
397.07610331126	4423.7100962041
395.50456200528	4086.2679636132
393.94541130092	4083.1556093733
392.39850523560	4256.8113476476
390.86370013038	4521.3273132050
389.34085454545	4968.6959793633
387.82982923674	5554.0448200123
386.33048711340	6082.5894906995
384.84269319641	6569.7965371171
#Parameters = {R=60}
#"Wavelength / nm"	"Total RCS [pw] (R=60) [Magnitude]"
#-----------------------------------------------------
788.92752105263	1444.8927337413
782.74793211488	1485.5240915094
776.66439896373	1527.3269098504
770.67469922879	1570.3478652113
764.77667857143	1614.8441601600
758.96824810127	1660.7230429997
753.24738190955	1707.9457899322
747.61211471322	1756.7152068694
742.06053960396	1807.1497896735
736.59080589681	1859.1208059911
731.20111707317	1912.7380451047
725.88972881356	1968.1711312752
720.65494711538	2025.6447647404
715.49512649165	2084.9071150495
710.40866824645	2146.1729808385
705.39401882353	2210.1179655212
700.44966822430	2276.3775872206
695.57414849188	2344.5504955094
690.76603225806	2415.1098958628
686.02393135011	2488.8502347574
681.34649545455	2565.5536725482
676.73241083521	2645.4143984609
672.18039910314	2728.5296659324
667.68921603563	2814.9422128712
663.25765044248	2904.8488519741
658.88452307692	2998.6936552644
654.56868558952	3096.8772038662
650.30901952278	3199.5442978100
646.10443534483	3307.2953861657
641.95387152034	3420.2943058077
637.85629361702	3539.1670565445
633.81069344609	3664.3084239039
629.81608823529	3796.2474125484
625.87151983299	3936.0340024928
621.97605394191	4083.9447692689
618.12877938144	4241.2576355375
614.32880737705	4408.7452843003
610.57527087576	4587.6111567585
606.86732388664	4780.4909908416
603.20414084507	4988.1654690822
599.58491600000	5212.5123603012
596.00886282306	5456.4688643387
592.47521343874	5721.8948661815
588.98321807466	6013.3527911769
585.53214453125	6337.3876659149
582.12127766990	6695.5393545362
578.74991891892	7097.3114983241
575.41738579655	7552.2569272123
572.12301145038	8068.9648002204
568.86614421252	8664.6926483273
565.64614716981	9363.0866874724
562.46239774859	10182.380866903
559.31428731343	11156.727996079
556.20122077922	12335.787295879
553.12261623616	13774.879565749
550.07790458716	15556.348089660
547.06652919708	17835.230838506
544.08794555354	20757.725402591
541.14162093863	24559.673699164
538.22703411131	29644.555341319
535.34367500000	36471.619201200
532.49104440497	45499.947885817
529.66865371025	57024.615945272
526.87602460457	70562.791011196
524.11268881119	83433.142673792
521.37818782609	91201.561960058
518.67207266436	90649.535068741
515.99390361446	82635.906687197
513.34325000000	71453.776921860
510.71968994889	60650.242728272
508.12281016949	51431.657620296
505.55220573356	44257.726751668
503.00747986577	38877.963931518
500.48824373957	34869.080905462
497.99411627907	31856.840971592
495.52472396694	29613.283392619
493.07970065789	27953.404544702
490.65868739771	26738.533473267
488.26133224756	25807.121011453
485.88729011345	25160.278064161
483.53622258065	24767.432536045
481.20779775281	24583.812726533
478.90169009585	24569.010711021
476.61758028617	24709.231545189
474.35515506329	25000.408396350
472.11410708661	25431.167347146
469.89413479624	25994.614762505
467.69494227769	26697.408814125
465.51623913043	27544.965590194
463.35774034003	28541.344226807
461.21916615385	29693.065457553
459.10024196018	31018.223025933
457.00069817073	32547.300804292
454.92027010622	34272.832200882
452.85869788520	36203.498051103
450.81572631579	38336.076944598
448.79110479042	40672.486912242
446.78458718331	43113.513782073
444.79593175074	45455.594869178
442.82490103397	47375.106367240
440.87126176471	48374.249860376
438.93478477306	47544.689643787
437.01524489796	44168.093932537
435.11242089985	38454.620240268
433.22609537572	31303.482104601
431.35605467626	24063.290712980
429.50208882521	17636.158390779
427.66399144080	12393.164321361
425.84155965909	8801.0598041455
424.03459405941	6491.3354059143
422.24289859155	5150.8934422778
420.46628050491	4502.0965896291
418.70455027933	4332.5657841146
416.95752155772	4521.3275787187
415.22501108033	4925.1714407268
413.50683862069	5452.3088424179
411.80282692308	6047.2994005213
410.11280164159	6676.8300610557
408.43659128065	7446.2570292796
406.77402713704	8218.8173367017
405.12494324324	8975.4750420126
403.48917631225	9712.1454197822
401.86656568365	10427.896503937
400.25695327103	11122.701738675
398.66018351064	11986.950482521
397.07610331126	12850.751203633
395.50456200528	13692.007079905
393.94541130092	14532.702761373
392.39850523560	15400.743836199
390.86370013038	16323.250873527
389.34085454545	17429.612929484
387.82982923674	18639.797544192
386.33048711340	19664.335525483
384.84269319641	20448.432313471
#Parameters = {R=70}
#"Wavelength / nm"	"Total RCS [pw] (R=70) [Magnitude]"
#-----------------------------------------------------
788.92752105263	3743.3168187999
782.74793211488	3864.0687346686
776.66439896373	3989.5209796137
770.67469922879	4119.9603007699
764.77667857143	4256.3132414208
758.96824810127	4398.7285351130
753.24738190955	4547.1309185952
747.61211471322	4702.6811226124
742.06053960396	4865.9874351570
736.59080589681	5036.9104195253
731.20111707317	5216.1348506169
725.88972881356	5405.3441945367
720.65494711538	5604.8784509628
715.49512649165	5815.1043589936
710.40866824645	6037.3587620918
705.39401882353	6275.8089891511
700.44966822430	6529.7631988853
695.57414849188	6798.0685060073
690.76603225806	7084.5949668174
686.02393135011	7395.4195399825
681.34649545455	7731.2036648488
676.73241083521	8096.1146756732
672.18039910314	8493.7238700772
667.68921603563	8927.5847052452
663.25765044248	9404.0805951737
658.88452307692	9931.5661905383
654.56868558952	10522.935908021
650.30901952278	11183.880734303
646.10443534483	11935.056227475
641.95387152034	12793.047559170
637.85629361702	13784.783271224
633.81069344609	14943.342357723
629.81608823529	16308.457563810
625.87151983299	17945.439121757
621.97605394191	19926.074540141
618.12877938144	22361.473674320
614.32880737705	25403.098457447
610.57527087576	29251.608574113
606.86732388664	34256.814401607
603.20414084507	40805.770272999
599.58491600000	49447.107827122
596.00886282306	60928.329049214
592.47521343874	75857.111974368
588.98321807466	94362.837079283
585.53214453125	114841.84692105
582.12127766990	132394.68494264
578.74991891892	140608.40714926
575.41738579655	136363.01032923
572.12301145038	123098.08209901
568.86614421252	106720.13072013
565.64614716981	91257.103465472
562.46239774859	78522.812020969
559.31428731343	68565.243517478
556.20122077922	60904.272410684
553.12261623616	55138.448508359
550.07790458716	50816.632300158
547.06652919708	47521.547208480
544.08794555354	45088.564931327
541.14162093863	43323.072118576
538.22703411131	42054.396008794
535.34367500000	41209.238426590
532.49104440497	40728.454305244
529.66865371025	40554.283585253
526.87602460457	40636.554326930
524.11268881119	40957.662037545
521.37818782609	41502.626661270
518.67207266436	42254.328280028
515.99390361446	43216.434395367
513.34325000000	44385.398442358
510.71968994889	45762.209540831
508.12281016949	47356.987668327
505.55220573356	49180.670282127
503.00747986577	51242.693964358
500.48824373957	53555.187595254
497.99411627907	56144.731754871
495.52472396694	59016.993027051
493.07970065789	62168.420566508
490.65868739771	65589.043100628
488.26133224756	69383.901431223
485.88729011345	73398.305704697
483.53622258065	77386.447255704
481.20779775281	81013.976992410
478.90169009585	83768.410815947
476.61758028617	84813.048057478
474.35515506329	83213.256129767
472.11410708661	78292.258359787
469.89413479624	70018.281496757
467.69494227769	58652.157589320
465.51623913043	46659.975494143
463.35774034003	36034.862241116
461.21916615385	28040.528391321
459.10024196018	22062.361439546
457.00069817073	16122.733585909
454.92027010622	11093.754356385
452.85869788520	7890.8357744333
450.81572631579	6139.3366467541
448.79110479042	5325.1712171285
446.78458718331	5168.0604864878
444.79593175074	5438.8793414161
442.82490103397	5977.7317175927
440.87126176471	6684.1588888501
438.93478477306	7527.4330968638
437.01524489796	8458.2712390161
435.11242089985	9418.3596853599
433.22609537572	10387.816045206
431.35605467626	11353.954711417
429.50208882521	12338.307147870
427.66399144080	13381.912929817
425.84155965909	14399.197464599
424.03459405941	15388.430008239
422.24289859155	16350.014240588
420.46628050491	17284.780417448
418.70455027933	18269.728910664
416.95752155772	19241.190269299
415.22501108033	20159.455335878
413.50683862069	21018.915176652
411.80282692308	21849.125017819
410.11280164159	22713.096918082
408.43659128065	23866.769986186
406.77402713704	25254.568976622
405.12494324324	26930.099099225
403.48917631225	28918.043646388
401.86656568365	31127.952523489
400.25695327103	33344.328099210
398.66018351064	35550.852142319
397.07610331126	37039.258034648
395.50456200528	37885.534724356
393.94541130092	38286.498464179
392.39850523560	38353.053314865
390.86370013038	38118.939204203
389.34085454545	36914.641790253
387.82982923674	34641.561179075
386.33048711340	32363.711331891
384.84269319641	30321.264552965
#Parameters = {R=80}
#"Wavelength / nm"	"Total RCS [pw] (R=80) [Magnitude]"
#-----------------------------------------------------
788.92752105263	9170.7448215101
782.74793211488	9560.1832539101
776.66439896373	9976.7648581851
770.67469922879	10423.499328917
764.77667857143	10909.428040813
758.96824810127	11435.092165868
753.24738190955	12006.437774567
747.61211471322	12633.867992889
742.06053960396	13327.484639155
736.59080589681	14094.871202524
731.20111707317	14953.878711847
725.88972881356	15920.013296168
720.65494711538	17018.101684249
715.49512649165	18271.360537705
710.40866824645	19720.617982977
705.39401882353	21449.288522759
700.44966822430	23503.019693337
695.57414849188	25934.175994658
690.76603225806	28882.220587097
686.02393135011	32584.076659340
681.34649545455	37254.628341003
676.73241083521	43255.582696459
672.18039910314	51072.026437400
667.68921603563	61330.589874998
663.25765044248	74874.494637321
658.88452307692	92703.245091776
654.56868558952	115517.54979997
650.30901952278	142362.47530458
646.10443534483	169178.75410037
641.95387152034	187756.65808711
637.85629361702	190892.28763977
633.81069344609	178807.14250902
629.81608823529	158557.93102477
625.87151983299	137168.65472131
621.97605394191	118427.03963273
618.12877938144	103293.45827363
614.32880737705	91543.545288244
610.57527087576	82610.459404104
606.86732388664	75754.510785599
603.20414084507	70615.762636660
599.58491600000	66811.246328020
596.00886282306	64037.384031513
592.47521343874	62078.821306327
588.98321807466	60768.245066223
585.53214453125	59981.905354700
582.12127766990	59666.446028414
578.74991891892	59743.169205744
575.41738579655	60176.279960940
572.12301145038	60934.787952689
568.86614421252	62000.229586590
565.64614716981	63366.709787492
562.46239774859	65025.777046698
559.31428731343	66976.463610375
556.20122077922	69224.909882634
553.12261623616	71777.145668795
550.07790458716	74641.823755285
547.06652919708	77865.918015118
544.08794555354	81433.426593536
541.14162093863	85345.319494648
538.22703411131	89632.559625560
535.34367500000	94261.245355161
532.49104440497	99138.939199371
529.66865371025	104142.47301863
526.87602460457	109071.10757438
524.11268881119	113539.49551624
521.37818782609	117039.06324552
518.67207266436	118957.71247993
515.99390361446	118416.10444270
513.34325000000	114558.02936792
510.71968994889	107016.71527618
508.12281016949	95725.217770247
505.55220573356	82110.126890972
503.00747986577	68229.975467120
500.48824373957	56166.809591052
497.99411627907	47863.142378113
495.52472396694	43921.806058922
493.07970065789	37947.763951246
490.65868739771	27211.366704632
488.26133224756	18216.509645430
485.88729011345	12757.819810040
483.53622258065	9698.2306664201
481.20779775281	8091.8753590982
478.90169009585	7398.9773429144
476.61758028617	7338.3373241033
474.35515506329	7714.4603006795
472.11410708661	8383.0148770849
469.89413479624	9250.0996812359
467.69494227769	10303.990847708
465.51623913043	11448.213258097
463.35774034003	12645.946552114
461.21916615385	13871.666426543
459.10024196018	15138.353260016
457.00069817073	16441.764476674
454.92027010622	17731.949627760
452.85869788520	19004.824311258
450.81572631579	20259.487667832
448.79110479042	21543.566683224
446.78458718331	22844.290706223
444.79593175074	24143.115785418
442.82490103397	25450.808345605
440.87126176471	26758.137224087
438.93478477306	27972.778470889
437.01524489796	28785.842461209
435.11242089985	29148.489050601
433.22609537572	29531.535552768
431.35605467626	30207.055527875
429.50208882521	31215.941038725
427.66399144080	32683.434176880
425.84155965909	34635.645433375
424.03459405941	37219.005634918
422.24289859155	40493.998678523
420.46628050491	44259.635947838
418.70455027933	48276.566599151
416.95752155772	51557.635233326
415.22501108033	53694.485461425
413.50683862069	54878.217535116
411.80282692308	55439.960805910
410.11280164159	55639.265092341
408.43659128065	55542.925638623
406.77402713704	55246.180076740
405.12494324324	54748.010694202
403.48917631225	53992.175940110
401.86656568365	52894.872527506
400.25695327103	51363.740677778
398.66018351064	48243.326430178
397.07610331126	44141.594787777
395.50456200528	39603.139163928
393.94541130092	35231.735731739
392.39850523560	31619.421825503
390.86370013038	29099.949173888
389.34085454545	28047.043849767
387.82982923674	28552.443506476
386.33048711340	29545.611079238
384.84269319641	30652.630371510
#Parameters = {R=90}
#"Wavelength / nm"	"Total RCS [pw] (R=90) [Magnitude]"
#-----------------------------------------------------
788.92752105263	25500.584052329
782.74793211488	27676.219932330
776.66439896373	30243.558353184
770.67469922879	33312.045963299
764.77667857143	37073.736231896
758.96824810127	41717.726685615
753.24738190955	47517.133825886
747.61211471322	54934.681338406
742.06053960396	64597.785387283
736.59080589681	77239.938597302
731.20111707317	93916.317814131
725.88972881356	116015.66850473
720.65494711538	144367.66265022
715.49512649165	178149.54726888
710.40866824645	212741.20985348
705.39401882353	239053.44084558
700.44966822430	246070.49856479
695.57414849188	232850.91314981
690.76603225806	208310.86978624
686.02393135011	181032.60573381
681.34649545455	156679.45984987
676.73241083521	136847.87835375
672.18039910314	121472.61662641
667.68921603563	109883.76462333
663.25765044248	101205.17651074
658.88452307692	94728.923001900
654.56868558952	89929.028576116
650.30901952278	86483.247799549
646.10443534483	84082.598569381
641.95387152034	82565.434323163
637.85629361702	81768.924274387
633.81069344609	81586.064613450
629.81608823529	81940.321206865
625.87151983299	82782.792939484
621.97605394191	84063.566878883
618.12877938144	85764.131216785
614.32880737705	87859.876112853
610.57527087576	90355.486775987
606.86732388664	93253.711182627
603.20414084507	96551.764278360
599.58491600000	100263.87212766
596.00886282306	104407.35977267
592.47521343874	108970.44003526
588.98321807466	113954.00926407
585.53214453125	119350.43394426
582.12127766990	125078.90501744
578.74991891892	131059.20898415
575.41738579655	137122.24259904
572.12301145038	142952.14437396
568.86614421252	148165.78778457
565.64614716981	152182.86388237
562.46239774859	154153.02496785
559.31428731343	153193.80500658
556.20122077922	148428.40214546
553.12261623616	139609.50451516
550.07790458716	127109.57553294
547.06652919708	111855.65016023
544.08794555354	95971.776062266
541.14162093863	81943.143430807
538.22703411131	72814.099833810
535.34367500000	72591.004547060
532.49104440497	73332.861820728
529.66865371025	55107.142265438
526.87602460457	35843.339337926
524.11268881119	24367.541587254
521.37818782609	17784.861224045
518.67207266436	13893.467468440
515.99390361446	11683.832603489
513.34325000000	10616.719844876
510.71968994889	10317.757042745
508.12281016949	10558.544268928
505.55220573356	11188.961260862
503.00747986577	12090.480630339
500.48824373957	13180.372856721
497.99411627907	14410.448459909
495.52472396694	15732.180349818
493.07970065789	17111.588319886
490.65868739771	18526.692622609
488.26133224756	20040.342806635
485.88729011345	21593.874161190
483.53622258065	23151.507274253
481.20779775281	24712.576892728
478.90169009585	26314.749209322
476.61758028617	27977.635737432
474.35515506329	29701.461726607
472.11410708661	31547.380348860
469.89413479624	33623.880669385
467.69494227769	36192.715954981
465.51623913043	39107.565532894
463.35774034003	40904.085109567
461.21916615385	39470.548090406
459.10024196018	37442.749015327
457.00069817073	36899.293433604
454.92027010622	37307.750645637
452.85869788520	38301.453338761
450.81572631579	39825.188072356
448.79110479042	42162.300089283
446.78458718331	45732.874649238
444.79593175074	50875.210925631
442.82490103397	57534.537241884
440.87126176471	64701.945370458
438.93478477306	70703.540351323
437.01524489796	74283.625979035
435.11242089985	75746.558487588
433.22609537572	75941.451417938
431.35605467626	75556.129955018
429.50208882521	74938.339874617
427.66399144080	74213.655384041
425.84155965909	73526.765177391
424.03459405941	72856.915348553
422.24289859155	72148.485279470
420.46628050491	71330.425467520
418.70455027933	70129.525494522
416.95752155772	68476.329858482
415.22501108033	66275.685020045
413.50683862069	63395.689460510
411.80282692308	59763.821328175
410.11280164159	55422.025142091
408.43659128065	49545.411220538
406.77402713704	43564.834379345
405.12494324324	38296.907065974
403.48917631225	34299.508046017
401.86656568365	31789.278357640
400.25695327103	30643.054413397
398.66018351064	30862.205326776
397.07610331126	32041.224868904
395.50456200528	33541.897029101
393.94541130092	35030.780203117
392.39850523560	36355.664087203
390.86370013038	37490.918148721
389.34085454545	38775.199674879
387.82982923674	40416.971034330
386.33048711340	41934.185976326
384.84269319641	43119.007885163
#Parameters = {R=100}
#"Wavelength / nm"	"Total RCS [pw] (R=100) [Magnitude]"
#------------------------------------------------------
788.92752105263	173041.21620477
782.74793211488	214154.56121970
776.66439896373	257338.25821704
770.67469922879	291439.81837031
764.77667857143	303778.16874533
758.96824810127	290910.36885865
753.24738190955	262094.57486784
747.61211471322	229171.51227811
742.06053960396	199149.37255699
736.59080589681	174685.36736164
731.20111707317	155684.48957349
725.88972881356	141102.62163075
720.65494711538	130155.45089773
715.49512649165	122105.15590678
710.40866824645	116238.06657213
705.39401882353	111948.96274878
700.44966822430	109064.28031503
695.57414849188	107372.23571512
690.76603225806	106608.85476363
686.02393135011	106600.65959587
681.34649545455	107302.07380453
676.73241083521	108641.83132178
672.18039910314	110579.18311526
667.68921603563	113080.48190535
663.25765044248	116121.95883369
658.88452307692	119692.99970683
654.56868558952	123795.01995589
650.30901952278	128421.34999856
646.10443534483	133590.43097065
641.95387152034	139277.69016133
637.85629361702	145475.16789694
633.81069344609	152128.80953106
629.81608823529	159129.31258716
625.87151983299	166362.72916325
621.97605394191	173514.19007930
618.12877938144	180184.22941715
614.32880737705	185788.06465864
610.57527087576	189563.82793162
606.86732388664	190517.24575887
603.20414084507	187701.53054859
599.58491600000	180461.40955975
596.00886282306	168768.69982270
592.47521343874	153260.26057402
588.98321807466	135508.58478898
585.53214453125	117941.18002941
582.12127766990	104414.95999344
578.74991891892	100658.31386352
575.41738579655	112556.31911680
572.12301145038	111711.63741709
568.86614421252	76456.997447536
565.64614716981	48833.115312373
562.46239774859	33494.884181619
559.31428731343	24715.413274418
556.20122077922	19491.504329247
553.12261623616	16460.944771614
550.07790458716	14848.430929549
547.06652919708	14192.007515395
544.08794555354	14232.385100061
541.14162093863	14769.342748298
538.22703411131	15675.962032755
535.34367500000	16856.467057994
532.49104440497	18226.988655464
529.66865371025	19734.268826514
526.87602460457	21356.726580312
524.11268881119	23046.196611255
521.37818782609	24783.182761500
518.67207266436	26589.878591500
515.99390361446	28465.118476730
513.34325000000	30382.292102093
510.71968994889	32359.459209343
508.12281016949	34465.358657886
505.55220573356	36752.585097082
503.00747986577	39344.675686442
500.48824373957	42485.590109297
497.99411627907	46660.389887417
495.52472396694	52446.584358277
493.07970065789	58892.808456133
490.65868739771	58789.480856470
488.26133224756	50730.756229563
485.88729011345	45768.619204280
483.53622258065	44230.494662133
481.20779775281	43855.249103567
478.90169009585	44408.078363273
476.61758028617	45750.411793907
474.35515506329	47965.039593882
472.11410708661	51474.643109776
469.89413479624	56968.178837370
467.69494227769	65566.656764048
465.51623913043	76679.782862307
463.35774034003	87965.214228138
461.21916615385	96280.175425920
459.10024196018	100274.65748549
457.00069817073	100794.90036626
454.92027010622	99677.465947625
452.85869788520	98079.838738588
450.81572631579	96515.082961898
448.79110479042	95045.909465505
446.78458718331	93792.867914741
444.79593175074	92791.217372193
442.82490103397	91960.681511305
440.87126176471	91206.625911827
438.93478477306	90309.802980219
437.01524489796	89175.128816691
435.11242089985	87757.103252568
433.22609537572	85903.940522775
431.35605467626	83446.748436156
429.50208882521	80105.056255373
427.66399144080	75409.918067894
425.84155965909	69724.366057274
424.03459405941	63376.039019852
422.24289859155	56843.849592272
420.46628050491	50608.634420240
418.70455027933	44708.888225840
416.95752155772	40430.883294304
415.22501108033	38162.220910431
413.50683862069	37542.064388483
411.80282692308	38046.692803914
410.11280164159	39210.784337353
408.43659128065	40965.543247786
406.77402713704	42773.043496707
405.12494324324	44318.931414220
403.48917631225	45361.930559983
401.86656568365	45755.587152594
400.25695327103	45595.128602548
398.66018351064	45364.465612307
397.07610331126	46192.481940735
395.50456200528	48219.348921482
393.94541130092	50825.459602824
392.39850523560	53288.881973079
390.86370013038	55187.190095125
389.34085454545	56070.878142546
387.82982923674	55727.849429011
386.33048711340	54952.876140190
384.84269319641	54113.054991951
#Parameters = {R=110}
#"Wavelength / nm"	"Total RCS [pw] (R=110) [Magnitude]"
#------------------------------------------------------
788.92752105263	185787.69790730
782.74793211488	169748.72767738
776.66439896373	157894.66590267
770.67469922879	149239.59922902
764.77667857143	142948.17124931
758.96824810127	138634.10323754
753.24738190955	135919.93815931
747.61211471322	134491.48940884
742.06053960396	134162.35130571
736.59080589681	134803.70382013
731.20111707317	136299.27466255
725.88972881356	138569.15041311
720.65494711538	141575.57553441
715.49512649165	145296.28545361
710.40866824645	149696.32961160
705.39401882353	154832.35881901
700.44966822430	160663.99075190
695.57414849188	167074.23110997
690.76603225806	174089.64949561
686.02393135011	181779.89411745
681.34649545455	189978.05450731
676.73241083521	198515.19785854
672.18039910314	207081.99661560
667.68921603563	215211.74235755
663.25765044248	222275.22068950
658.88452307692	227420.90734058
654.56868558952	229549.61696783
650.30901952278	227546.37547167
646.10443534483	220436.45262655
641.95387152034	207909.89694122
637.85629361702	190591.45558590
633.81069344609	170346.61368559
629.81608823529	150390.51507995
625.87151983299	135531.68400988
621.97605394191	134329.09670490
618.12877938144	157162.47119787
614.32880737705	162856.21805546
610.57527087576	111077.56325964
606.86732388664	69916.524189383
603.20414084507	47545.176790464
599.58491600000	34915.124824273
596.00886282306	27393.156809795
592.47521343874	22898.399195233
588.98321807466	20332.772327513
585.53214453125	19077.808594787
582.12127766990	18765.031474194
578.74991891892	19125.107227506
575.41738579655	19980.849361064
572.12301145038	21196.418563286
568.86614421252	22685.382689484
565.64614716981	24392.840669635
562.46239774859	26247.115107885
559.31428731343	28215.986714929
556.20122077922	30286.891305729
553.12261623616	32435.423754957
550.07790458716	34664.087366995
547.06652919708	37030.838753241
544.08794555354	39539.878522331
541.14162093863	42267.117410097
538.22703411131	45396.539845950
535.34367500000	49190.908330216
532.49104440497	54147.032545729
529.66865371025	61297.164025775
526.87602460457	72431.571873295
524.11268881119	86457.884939636
521.37818782609	86070.533158362
518.67207266436	67990.319103422
515.99390361446	57042.005281581
513.34325000000	53771.001056393
510.71968994889	51482.110739290
508.12281016949	50628.071821311
505.55220573356	51172.594310932
503.00747986577	52712.502306862
500.48824373957	55422.235563466
497.99411627907	59937.428179033
495.52472396694	67145.541827529
493.07970065789	77819.270409086
490.65868739771	91596.672362381
488.26133224756	106637.58138528
485.88729011345	118129.56476580
483.53622258065	123709.79063145
481.20779775281	124674.41459541
478.90169009585	123179.61244071
476.61758028617	120776.34626442
474.35515506329	118377.78813361
472.11410708661	116301.82539734
469.89413479624	114610.20884786
467.69494227769	113211.06538467
465.51623913043	112167.79820498
463.35774034003	111405.63750035
461.21916615385	110788.15632328
459.10024196018	110159.75149080
457.00069817073	109483.40453125
454.92027010622	108660.12453113
452.85869788520	107542.50981042
450.81572631579	105960.25895497
448.79110479042	103490.67106663
446.78458718331	99893.203610357
444.79593175074	95224.783130341
442.82490103397	89696.245009015
440.87126176471	83632.027866281
438.93478477306	76347.962267386
437.01524489796	67687.941064652
435.11242089985	59514.812140821
433.22609537572	53500.621816482
431.35605467626	50075.189095145
429.50208882521	48802.134637431
427.66399144080	49200.070366789
425.84155965909	50738.605485461
424.03459405941	52869.265392607
422.24289859155	55213.692998839
420.46628050491	57464.961684578
418.70455027933	59330.998093702
416.95752155772	60086.768937446
415.22501108033	59176.455162221
413.50683862069	56653.048071503
411.80282692308	53457.489295807
410.11280164159	50906.470574352
408.43659128065	50010.680706139
406.77402713704	51671.038060379
405.12494324324	55173.736942024
403.48917631225	59341.270651809
401.86656568365	63195.163686534
400.25695327103	66275.342169624
398.66018351064	68760.663802166
397.07610331126	70021.920014806
395.50456200528	70264.058618391
393.94541130092	69717.499651281
392.39850523560	68623.647112979
390.86370013038	67285.838482202
389.34085454545	65674.484397273
387.82982923674	64516.670727771
386.33048711340	64062.186749163
384.84269319641	63927.837964791
#Parameters = {R=120}
#"Wavelength / nm"	"Total RCS [pw] (R=120) [Magnitude]"
#------------------------------------------------------
788.92752105263	165841.16291737
782.74793211488	168052.88629122
776.66439896373	171250.28961819
770.67469922879	175365.26075515
764.77667857143	180375.24324129
758.96824810127	186243.42492687
753.24738190955	192918.23974790
747.61211471322	200432.33641060
742.06053960396	208761.95006148
736.59080589681	217766.48702275
731.20111707317	227304.12847010
725.88972881356	237205.78558484
720.65494711538	247046.99487473
715.49512649165	256301.52348332
710.40866824645	264127.95872851
705.39401882353	269558.53311305
700.44966822430	271048.78804822
695.57414849188	267146.02086312
690.76603225806	257144.65754949
686.02393135011	240733.37223470
681.34649545455	219304.16577883
676.73241083521	195875.41283885
672.18039910314	175949.35272400
667.68921603563	169140.02512685
663.25765044248	191984.44531158
658.88452307692	227865.05111192
654.56868558952	174429.24230239
650.30901952278	107964.00258736
646.10443534483	70947.128194003
641.95387152034	50714.555488451
637.85629361702	38861.191283200
633.81069344609	31728.603156820
629.81608823529	27524.406097069
625.87151983299	25247.201946888
621.97605394191	24316.118855139
618.12877938144	24335.844686100
614.32880737705	25045.473247953
610.57527087576	26257.537026317
606.86732388664	27858.840864960
603.20414084507	29745.216781061
599.58491600000	31846.598096988
596.00886282306	34126.703566964
592.47521343874	36550.389631004
588.98321807466	39119.221834688
585.53214453125	41860.943672912
582.12127766990	44791.722912123
578.74991891892	48003.463177291
575.41738579655	51651.136597829
572.12301145038	55973.212867401
568.86614421252	61497.368521183
565.64614716981	69285.877197553
562.46239774859	81331.263954765
559.31428731343	101120.86393536
556.20122077922	125621.83355683
553.12261623616	118639.21920835
550.07790458716	86391.833735128
547.06652919708	69569.224853640
544.08794555354	65847.957443963
541.14162093863	60909.199660756
538.22703411131	57826.191687814
535.34367500000	57455.791882175
532.49104440497	58524.908397682
529.66865371025	60938.179702845
526.87602460457	65309.906763152
524.11268881119	72647.075991417
521.37818782609	84173.695703155
518.67207266436	100688.62769618
515.99390361446	120190.18657609
513.34325000000	137067.92042146
510.71968994889	147068.43897434
508.12281016949	150062.32779099
505.55220573356	148753.81128939
503.00747986577	145732.59611133
500.48824373957	142408.63590912
497.99411627907	139364.30767870
495.52472396694	136802.57150736
493.07970065789	134767.62653353
490.65868739771	133216.61121773
488.26133224756	132068.11642975
485.88729011345	131343.78414494
483.53622258065	130717.02033592
481.20779775281	130076.07556038
478.90169009585	129759.97122965
476.61758028617	129426.91272960
474.35515506329	128995.74672083
472.11410708661	128350.27903179
469.89413479624	127316.71887772
467.69494227769	125533.05854739
465.51623913043	123000.44844378
463.35774034003	119898.80732331
461.21916615385	116851.85889272
459.10024196018	113695.04534163
457.00069817073	107098.92072095
454.92027010622	95308.853496306
452.85869788520	82703.126682013
450.81572631579	73224.762981971
448.79110479042	67459.676714125
446.78458718331	65186.121717511
444.79593175074	65480.289289633
442.82490103397	67402.528361232
440.87126176471	70317.807387402
438.93478477306	73824.153494939
437.01524489796	77496.745846654
435.11242089985	80796.252507298
433.22609537572	82951.959731432
431.35605467626	82881.387975581
429.50208882521	79409.962261132
427.66399144080	71995.806102849
425.84155965909	63375.859009851
424.03459405941	56410.655936909
422.24289859155	52578.086824036
420.46628050491	52190.474733315
418.70455027933	55421.958855761
416.95752155772	61215.679119233
415.22501108033	67539.310369087
413.50683862069	73078.229685224
411.80282692308	77419.322803057
410.11280164159	80668.582095303
408.43659128065	83395.002225221
406.77402713704	85173.515968055
405.12494324324	86145.702116104
403.48917631225	86413.803035668
401.86656568365	86082.361698838
400.25695327103	85290.063887672
398.66018351064	83515.209471482
397.07610331126	81784.534723245
395.50456200528	80548.398810489
393.94541130092	79707.680154782
392.39850523560	78887.589742788
390.86370013038	77771.875380048
389.34085454545	76069.737630718
387.82982923674	74901.956313446
386.33048711340	74978.113782826
384.84269319641	75809.966845715
